
49
70
57
120
200
48
140
328
396
350
66
168
1014
644
285
320
391
414
703
820
567
704
1058
1200
850
910
1053
700
841
1590
1736
1056
1551
1632
1820
2232
2442
1938
2184
2800
2296
1596
1978
2728
3375
1794
4277
4416
1323
1550
510
780
1007
1944
2530
2576
1881
2204
708
2820
2562
806
2394
2688
1820
1914
2211
2924
3726
1120
4118
4248
4891
6068
6450
5548
3003
1404
2844
2560
3483
1722
2573
3108
2720
4730
5742
7832
7120
2970
3367
4232
5115
4418
8930
3744
4559
5096
5544
4200
4343
8568
8240
9256
5460
7420
8774
9612
5014
5170
6216
6832
2486
2622
2990
3480
4095
3186
4403
4920
5082
5612
6150
7316
6375
8820
7747
5504
5934
6370
3406
5280
6517
7504
5940
6120
6713
5382
7367
11480
9024
13916
3861
5184
7540
6278
11172
12284
5662
13500
15100
5168
11169
6468
7285
9672
5652
10902
9381
12640
9338
9558
7498
8364
9570
10292
11022
11256
14534
13090
3420
5848
4671
6438
5950
6864
13452
12994
4296
7380
9050
4186
5124
6072
7030
7812
7667
9024
12096
7410
2865
3072
6755
11058
11310
13524
16745
8514
17910
7600
8442
8686
12586
9588
12505
13390
9729
9152
13585
8190
8440
9328
12567
13482
10535
11016
11284
13080
13797
14740
20111
15318
11596
12096
17550
8136
9988
7980
8931
9200
5313
9048
8388
10296
12220
14868
10665
14994
6214
21600
13255
7018
7290
11956
14945
16236
12844
17608
12201
18000
19076
8568
21252
16002
20400
18944
19275
20382
11914
11180
13050
14934
15517
19800
25705
20748
32841
20904
33087
17280
18699
29920
31122
20276
32725
24288
24376
24742
20367
11480
23323
15792
20376
5680
13965
19448
18655
14112
12716
15080
14550
15184
15529
16758
12390
15096
17820
15794
15847
26700
13244
14496
17574
18848
9760
10098
13815
19096
9888
15810
17105
15600
15963
17270
20475
24332
25677
14310
18821
18880
24075
16422
16796
24300
21450
14996
19620
25912
27307
20790
21184
26228
28971
16032
22110
13104
28982
17914
31527
25500
7161
9918
24696
24080
15870
17300
23943
24360
17101
18900
22815
27808
27181
10620
22010
33820
25347
34368
17591
25920
14440
16290
18150
26936
19710
21228
25323
32752
33210
41810
43407
47988
23872
15334
17250
25192
30537
27972
29562
31920
34290
9168
24512
27264
19635
23932
19350
20564
16338
21840
23069
19600
27903
26398
9875
21780
21438
10746
7182
17600
9223
16884
17329
18988
14985
17052
12210
26520
34356
21730
26304
16892
28910
17802
21995
3328
12093
26334
31006
34020
12209
21100
5922
12720
14875
19596
5124
16264
12441
20210
24998
13392
13856
15624
18270
9156
27094
22338
28535
29920
35280
21658
26580
31080
27145
17840
42018
32256
27838
28350
38786
40680
34881
27694
38675
25536
24221
27938
31671
31280
20745
21252
25002
27376
35805
28892
21015
27612
16415
30080
30144
35400
24596
36024
33725
24752
29097
33938
34488
48480
37037
19762
23667
14036
35890
45684
43343
14640
10758
17150
21604
24108
29580
32110
23265
32240
21371
20916
15469
16500
20040
22590
38228
47880
36360
8602
9633
15240
17815
23460
26061
35328
14364
19532
31415
30444
36190
34188
32697
26000
23966
13050
35564
35108
32550
26300
23188
21120
23276
25970
30798
25536
28249
36312
34240
29480
22017
29052
29645
31860
16230
23848
31494
39168
29430
32214
48136
24660
35685
24200
24795
32568
34839
20498
36075
47260
50130
47988
27391
28000
50490
26976
50107
52452
40680
39054
39690
64752
52917
55860
62239
64636
64749
52808
62100
28224
49045
64158
35319
38280
46480
28518
32648
47304
40950
35160
44025
47040
31217
43070
43734
21904
16011
33264
25585
35760
39402
21528
26356
45600
31853
33110
36783
54360
51425
44844
41276
51072
32886
14030
39715
25704
37393
27016
34440
42504
16042
19158
24141
31620
34155
27368
34265
19344
28125
42568
19437
24492
22644
22680
31550
25912
29751
34870
34925
14628
26117
33176
19809
25600
23076
28890
29578
32844
45150
33592
21998
22680
28556
37700
35154
37816
52240
41856
28165
31488
40734
42112
32291
44880
46270
59580
55029
39176
48545
23976
33350
34736
35457
41540
50996
55104
43745
45158
36450
39884
42651
43392
33271
34000
53118
36828
40297
49248
50005
52822
41907
60544
64077
70380
35241
60896
33957
37476
46565
54984
45305
48860
45435
32900
41359
61776
42883
42944
37365
26122
51611
56640
71609
51120
36261
56960
39928
67116
47905
43676
48039
50978
56801
56160
56959
59926
49887
68056
44950
29766
33442
49504
56862
64970
41667
35136
43247
48444
30870
27968
23584
24354
27343
31080
36309
42294
31206
39432
29800
48490
51543
65824
68908
22500
33044
36096
36144
30160
27180
34776
12112
46996
12903
19760
20547
25908
23653
37436
32895
42130
46020
25344
45371
55440
39321
48636
57975
61920
24025
45008
48951
60684
63878
46800
65604
33626
51678
48608
51810
51876
88144
72496
56808
44240
55370
76824
80886
59550
64395
53332
57384
85386
24769
28800
55269
68170
70664
84420
26565
64480
30666
42824
62293
49410
27574
31668
35772
55352
35045
39168
76798
54806
57330
58220
69785
50142
54318
63448
73425
48734
58717
62928
68807
64740
29916
65728
16660
17514
42585
28424
29295
34358
73832
36120
39527
47994
85143
65832
76050
85446
79618
81408
82353
85850
73186
74124
86153
87108
90630
77896
85700
86658
90195
94600
112791
119818
88026
91584
27680
39836
39882
46004
27808
49590
31356
47088
27063
72542
34125
38544
48235
56192
27249
37840
42288
30870
34437
53924
60180
70880
54994
45288
55118
55180
55242
56196
73226
57216
40275
60928
36777
41308
81809
45900
49555
62238
58695
37064
81450
38052
58955
65376
69993
87360
91100
54720
31955
83174
49410
77860
37597
73440
71682
33120
67233
72838
53534
80388
45325
70376
74160
45472
28799
43710
53067
32620
50382
58842
50490
71136
74960
49714
61974
57340
62106
86664
61295
74576
100170
91762
107958
76788
41756
69350
57060
52360
89582
85860
99320
91776
35409
46942
56581
60480
88412
64454
66447
48200
52110
57960
58020
79376
63954
43650
48550
58320
62272
72076
76050
92720
75229
113448
77341
66640
75537
76596
80606
94464
85695
98600
60207
119548
42527
37620
53514
48608
70503
92442
69650
81672
87736
77844
82917
92000
93093
97194
99297
131524
94470
68408
86602
98784
102918
27270
62682
91080
55715
71994
81200
68072
99666
87548
67254
18360
44924
52122
35805
29696
33825
64638
59566
53456
22638
42230
27837
40248
50617
68244
67275
43512
47702
58128
48833
19760
20820
26050
25032
55332
72105
29288
30363
42968
33568
47250
48346
52600
60021
61132
65410
42240
60249
58190
51891
34980
36074
88146
49961
80864
61770
46904
65087
65148
78037
83460
61047
51456
25752
53700
46225
60256
37695
43120
55029
56160
45402
35706
49818
50948
78120
39096
64133
59840
64251
68670
72006
56784
63394
76580
65700
70144
70208
76860
85722
75900
66060
35264
44120
45264
56355
60830
46494
47644
52123
52170
49995
64496
36729
26736
27875
52452
56967
58136
32451
70560
42598
43758
48289
12364
24750
30402
36064
42864
39515
22600
50895
59996
33990
43092
60155
20448
36384
15932
48977
50160
31948
42254
33147
62920
46945
51570
72261
22960
24129
57500
42587
76032
43814
47314
58905
35836
49751
49794
59109
56840
58050
38346
39542
40740
61745
66462
68853
74752
80661
64350
86654
91416
96186
91572
54050
64680
85921
63612
49518
99120
77946
88650
97006
134976
28440
34394
55789
61776
47560
60690
66696
71520
89475
63282
45410
77740
83790
74276
81532
86400
45638
63706
51729
60200
81940
89244
73627
72480
78585
89540
82348
73932
116448
58272
65610
72960
74237
79170
88987
93940
75702
98982
92948
17136
73500
34328
35583
40524
51618
52890
57857
33264
50553
55530
49400
77868
43295
81708
73101
34720
44676
52164
85767
52248
58515
71022
76067
52416
73691
63750
46287
71364
85204
110352
115460
79128
80448
79254
96943
84420
85748
98436
135141
123872
104995
143058
41811
43112
63450
80010
100409
105576
50920
80262
59925
61248
97052
118854
124063
78080
92232
108970
74414
75756
48830
117026
77220
92736
78629
78690
91661
98192
107319
59524
60865
79056
66147
84370
84435
84500
65050
105462
112058
136920
108315
112316
86262
92868
124355
117900
51129
95776
110292
61758
103885
128968
72435
80398
55398
54120
66050
105760
127008
59580
94075
59670
71658
75696
61134
97090
115797
118548
67983
57362
96120
94856
58828
74928
48204
54940
75096
80520
80580
67200
86080
110372
148170
71444
91732
60750
67550
82472
41943
12186
13550
18984
36639
51604
91053
38080
47635
73548
31349
90024
62790
75130
83387
103968
32856
38360
75405
93296
75515
96180
75625
77056
85374
92326
42749
73140
66288
69100
69150
69200
24930
44352
58254
63848
45837
51430
90415
86304
27860
86428
30690
55840
69850
76890
89536
98000
99471
105150
65941
51948
57605
63270
97083
98560
104266
118440
119935
125668
72063
84840
90560
36816
38259
59556
65274
55380
44051
56880
64035
56960
58425
104098
111306
65688
115749
71500
93015
77328
93145
74568
76055
114880
126456
125106
132388
47520
43230
70658
63492
69312
70805
54948
62221
105704
134757
82650
191532
78408
98804
45074
77115
84448
65565
46656
94835
67160
87660
89182
95095
125904
83505
109950
54279
60188
73450
89670
97086
58880
92799
72226
78175
91512
93051
99026
99093
88800
109594
97812
65252
28196
105435
59440
66915
87792
93807
89400
86478
105932
132877
98604
79235
58344
65868
73402
73451
79500
94563
96128
48096
108288
126420
114456
67815
120640
84504
96640
114836
30240
36312
78728
57570
48512
68265
71346
135191
167200
92781
36528
108133
53340
54900
65618
70242
71816
65747
67320
70426
91920
90447
96642
96705
56832
124497
106122
58482
124740
161805
168078
148128
78744
105060
105128
106743
95976
120822
162750
88407
69840
102498
110334
96410
113588
115218
121524
104453
117000
143612
53108
75024
78200
115810
139374
109690
142688
72174
92630
94260
83316
89661
97588
103950
119776
61503
74166
96319
63200
64821
90174
71235
98208
120460
161772
44436
125452
66738
143100
149554
50944
86022
106798
108460
114912
132551
140624
155103
152000
160100
123354
59311
65764
91485
89936
120525
46632
69187
117530
161100
80600
53229
74244
19380
95344
71148
97080
79331
97200
55114
84344
81150
94192
147875
170730
133414
107448
71676
52160
60347
17952
106145
66994
58860
65440
73665
86814
106535
137760
80409
87026
85436
98640
92120
118512
123525
107120
108834
70950
104013
110684
127281
79392
59580
61272
76222
159168
124425
74700
84711
73128
128051
54912
84915
86632
123358
130104
138527
161990
125325
190608
214144
162378
102175
108940
132483
132562
139357
142800
97498
104284
67320
139772
170185
139938
65793
79336
111474
111540
118370
142128
132054
94864
111870
118720
118790
125652
149512
153000
85050
108928
144755
172104
153450
56298
58038
64904
87159
106020
116348
118128
135327
137120
73745
108108
127058
128850
67041
106640
74003
65436
74089
136196
129375
93204
94985
101952
115843
122830
50199
36372
43325
67626
76340
107632
99009
112970
147815
120060
154949
120198
94122
88944
132620
92538
57651
66424
80454
87500
120819
143664
133228
142074
131625
45656
68523
47466
105540
54560
137358
95148
118121
165816
157085
63576
70680
72488
95526
115050
161161
154164
143613
101118
152650
154512
135052
174244
181458
110360
137137
160380
162253
169480
117810
135736
142960
84036
134175
110980
146862
94976
121924
62790
70005
129312
104226
102486
131327
106200
115264
167586
176694
218284
144400
151704
30719
83168
94068
57920
50708
132276
141414
159632
59895
116224
76314
56358
145520
109200
125649
81990
151309
165984
96725
104082
126063
67636
179242
214110
95212
89768
124644
124712
69730
78948
139612
95576
97467
121440
147280
86574
114266
141988
116235
158756
72033
105336
96148
166500
135123
62968
72267
79722
103880
102080
89136
78036
111540
186000
109799
171304
68931
82016
149200
175404
177365
95268
149520
132770
110389
131040
140475
159290
165000
159460
227117
210336
88313
150400
197505
99746
92267
101736
224315
118818
130203
192576
17001
26460
34038
113520
39753
96594
85275
119448
89159
43654
45576
57000
58931
64668
72314
87584
175260
80052
102978
110664
131721
179540
110838
151048
189387
199056
139795
195432
134190
151522
118978
117120
121023
92256
109611
146224
175175
100152
80934
125320
133101
108080
81102
34776
59923
67690
98685
73568
104598
85272
87255
95060
64053
108752
194300
202176
136150
64218
147972
194800
138379
87750
115109
173728
128898
132872
140760
150612
152646
146850
101868
117600
147075
131454
68705
70704
113970
141552
143591
66912
74822
133960
143883
118320
167705
84882
154050
205504
96873
150328
124677
47520
134708
152614
111048
121024
148875
142992
117233
133196
87516
87560
99550
137448
185349
207376
217455
95808
223664
137862
135932
114000
148074
68068
118177
88176
102255
76228
92322
204816
100450
172860
130715
64384
177144
76532
122915
96768
125054
137224
48456
28280
72756
84924
86989
85008
89100
117508
50675
44616
75073
52780
85302
91440
91485
93564
69190
103836
91665
171192
46897
89760
138788
46966
49032
75628
112475
106392
96209
110592
63519
71750
157927
108756
125233
149942
76035
80184
88451
57624
86478
96820
105111
105162
113465
130032
84665
144620
148824
163372
151037
60030
68343
99456
124380
126514
134875
139092
97619
120524
143451
95680
95726
124920
154142
116704
123015
129332
133568
133632
106539
66880
96186
98324
209300
169614
127795
165584
186633
117488
170019
132300
23111
138732
147210
88368
122090
151632
52675
147560
170829
71740
82329
160512
228204
154322
137475
65596
196881
120726
194948
205640
229068
239786
259006
161424
208250
129686
140382
214928
195868
219390
34096
42640
117315
34144
81130
91848
100439
57726
113367
111280
53525
81396
79291
92192
62205
72964
88027
103104
116046
70950
81738
96840
99038
174474
109905
53900
56082
66898
110109
64800
97245
75670
105987
90888
116910
119130
127853
106232
149661
108500
125918
152040
154283
163050
119625
73984
91434
84942
102413
106820
115593
115646
126614
120120
85215
87440
139968
194732
116017
197100
127078
206048
230265
83372
105360
122976
202124
145068
173721
145200
156271
129918
152007
167504
143325
79416
90487
119232
139167
112710
121605
185808
161549
172692
28795
66480
68727
77630
142016
119880
166575
168872
177840
104528
97900
129108
169252
100260
109221
200700
209714
129456
160776
42446
60345
178880
219226
167850
91799
168000
156870
65018
67290
78540
76330
87594
130326
141624
177671
128250
85538
103592
150951
164542
128535
139872
99308
173866
162648
210180
117572
128934
183303
196968
160815
154088
113350
176904
163368
86260
156699
172672
95466
104604
211575
157044
170775
145792
150414
196080
182480
136920
146112
148460
159950
187452
173812
144144
107583
121370
132878
187944
142166
144522
151470
153832
169978
188436
170126
172500
239304
128912
158907
126720
154435
43814
99201
154636
73888
136290
161770
76296
78642
166608
57875
92640
94997
104310
125226
125280
127655
136998
157964
202188
204600
195384
90753
88464
100147
125820
69930
137588
97986
128370
137765
170528
170601
165998
175425
128700
114709
147546
156981
110168
112560
213486
246435
218364
227853
143350
145762
176400
202358
188320
223725
80104
91923
134406
143899
143960
120411
153530
179588
212760
92235
94640
113616
139712
196627
229890
104324
161296
173229
109204
114000
125928
128358
159326
147498
180880
130955
116718
131065
133504
188415
198038
238700
174324
231733
241390
224754
124384
177082
148428
138910
227620
174981
230208
167930
148800
184877
120100
122553
139432
262145
132330
110722
113176
183084
96400
106084
118188
173736
200362
144900
115968
128101
162006
162073
125840
128313
162274
164764
174528
196425
198932
208722
138396
208894
218700
187187
189696
238434
248268
163145
221676
224204
121900
126828
143960
212367
183150
173453
173524
227385
229924
239806
176256
29388
110250
58824
71108
98120
51534
83470
186656
226044
61450
130327
132840
81213
123100
155169
61600
96135
83844
135685
96252
96291
116090
143318
121128
136015
145966
155925
76756
111465
131334
133866
121520
124050
148920
96837
109296
131705
131758
134298
144304
146851
194220
104622
107156
164538
164604
167165
202176
109868
154876
142443
155000
212585
240192
147677
167768
142785
155372
183011
137940
168103
173190
173259
153232
100520
100560
113175
221408
161088
93166
181368
221760
257142
209326
194271
209492
219675
247548
113715
204768
217494
220110
230321
194964
258366
177380
124215
136944
192812
192888
203120
231140
205821
218612
246671
259488
165425
246962
104427
107016
117254
142800
211733
170984
188922
168564
145635
94572
115065
127900
107478
128000
151099
187026
199914
187172
218025
74414
161721
148944
92484
128500
125979
131172
97774
113256
136475
136528
139158
95386
116055
129000
180670
126518
139482
167960
180950
199122
144872
157868
188997
235690
77730
80352
90755
121918
153105
137588
194775
163674
103960
174200
117045
200354
210843
179676
130250
205874
145992
252976
263509
91350
138383
112316
198588
159454
172590
201432
251232
115192
138807
220080
102219
149454
160003
136448
162750
55146
94572
105120
115676
265630
139443
139496
163246
86922
152830
263600
210960
263800
208481
221760
250895
219286
142722
111048
179860
92610
150879
108568
95364
103350
172315
129948
254688
241514
265500
127488
106280
196692
226015
228760
228846
258214
114509
197136
141245
287928
184023
344172
122774
152190
213680
269872
208494
240660
246100
270276
251638
257088
230394
270680
243971
268200
270983
281820
252390
325006
373493
274176
311924
252860
285246
301504
312388
315198
296450
358568
121365
188860
264502
132300
143153
156716
167586
132496
300255
208362
194904
148940
211302
124660
157238
67800
81390
181838
111315
149380
165737
114156
81570
136000
59862
95270
111643
163440
168950
179916
179982
188232
155553
180180
92854
180312
166713
147636
71110
123120
186116
205350
73953
76720
95935
164520
87776
153664
167445
211442
93398
98928
112709
156750
151305
181632
167933
195534
223155
88192
102009
165480
113119
201480
165660
218198
168543
179660
215670
204684
157719
193760
166140
216060
210596
224532
216294
219146
230325
183216
191613
191682
205646
222400
241947
205868
222640
172608
197735
183876
119841
153340
158973
195300
200952
245696
212268
212344
206830
232068
190196
204254
209925
246400
137249
148506
210225
187868
159885
213256
193683
199368
202248
221990
213636
275576
286926
171654
194235
185856
225360
225440
256529
115620
194649
180608
166557
203328
206225
217602
172447
240380
166911
192440
181184
184080
195477
195546
209790
224044
235471
147576
158984
187440
244326
230202
144993
162108
207685
48382
51246
74048
91168
94050
156805
196788
131238
134138
145605
188496
134279
208634
85770
62920
62942
145962
148876
160384
106005
120372
77409
88908
91808
117670
120582
201040
112047
178188
132250
155304
187005
86340
109402
138240
112359
195976
89373
92288
155790
176046
132802
170392
202230
187850
199479
92544
130185
133124
133170
136112
199893
202860
243516
147900
182763
162512
174180
174240
197540
229574
232560
244272
273446
273540
148461
154336
104868
218550
104940
107892
131265
134228
169302
227760
166497
181164
201687
230996
111150
134596
172693
216672
222604
208030
240342
140736
199444
161370
202515
61656
64614
108706
120499
161700
114699
147100
267813
138368
76570
103110
117880
359656
112062
100300
123942
126936
168321
171332
135930
159624
162635
201144
204171
207200
174699
207340
171854
103740
106740
234314
118680
249312
261272
246510
190144
252620
124866
127882
145775
163680
187551
148900
250236
274160
199727
122262
226708
232752
223875
134370
268830
146412
179340
325910
125622
158576
140671
143712
248585
245672
239760
290806
368877
261000
204068
126084
147147
123164
165275
180360
120280
207552
123369
123410
126462
138552
144624
150700
168840
208104
241360
138828
223406
205360
151050
196430
166265
208656
229900
193664
196755
208932
275639
318150
215201
275912
288135
163836
166925
251988
179183
230888
209691
221920
221993
222066
228225
182640
280140
332014
219384
280416
234773
277550
213570
247212
146544
235158
250510
238368
287358
189596
232484
235620
247941
205154
287922
245120
303435
165564
242293
291460
193347
242530
184260
172032
101409
150626
190650
193788
206159
110808
172424
138600
141726
188002
231225
154200
197440
256138
179046
191456
216230
228660
185460
197888
185580
262990
222840
275544
188917
157998
285108
117800
195363
245058
179974
189344
192510
204996
152243
142968
205194
149280
167994
245848
161876
270918
283465
261744
261828
183962
130998
159120
156050
168588
202995
159324
175000
203190
262668
312800
325416
250400
266135
303804
316433
203710
206910
219520
360755
313800
339012
43960
103653
157100
103719
53448
185555
97526
88116
273876
132258
173250
185909
220640
113508
201856
214540
186204
198891
233692
94770
101120
237075
218178
196106
60116
129765
120308
136181
186912
114084
206050
82446
180804
184034
196788
127000
133392
228744
143010
73117
76320
89068
127280
133686
146464
162435
178416
181659
226348
111615
220110
181887
146832
114948
146924
150165
172584
175835
236652
121562
166400
307296
233746
230616
131364
173070
89768
93003
105864
131569
147660
183027
134904
199206
212124
215405
170448
93293
151246
106227
270480
267343
167544
112805
167648
170925
245176
245252
258240
290610
206720
210015
223008
336232
216678
190865
249172
142428
145710
158711
162000
223629
243150
194580
210860
165495
126594
269501
272832
285912
334750
338104
351216
286264
299368
332010
253968
143308
205254
283533
267320
283707
208768
326300
172992
222020
176364
280962
241832
268058
333540
369623
382824
366576
209536
199775
134316
137634
163900
180345
183680
187017
242868
229810
233164
246375
233306
197220
249888
148005
203980
358719
151432
190994
194346
233945
247200
286839
300118
221033
207900
293789
244348
303876
350224
181775
185136
198420
198480
185304
231700
198660
202032
258414
228666
288405
265280
205654
291984
265520
295480
332100
142846
295747
242652
275975
149670
199620
226304
209727
213120
226508
223244
239976
196706
243455
276888
293656
156886
183645
200400
424307
387672
327614
334400
401400
250950
200820
281232
177497
201000
204411
204472
251475
254904
268400
258412
184635
238418
282156
258720
275602
188272
191691
195112
292755
238986
289562
293016
306579
313410
310132
354060
347419
293538
276750
297088
266783
310776
280457
354900
466578
365256
412726
385776
203100
209932
145641
237160
230452
244080
203460
217088
183222
305460
230860
132444
149468
180094
183546
261800
238070
302778
275643
282532
231540
217984
129466
177216
207949
286440
255825
225192
307170
133146
136600
239120
256275
150392
194883
259920
229207
198476
184842
294464
315100
140466
167923
215964
78867
78890
85775
137280
161351
164832
212970
92772
103110
202842
185706
189200
203019
240940
113619
120540
137800
151624
186138
199984
203491
269100
300237
207120
193368
245234
310950
203904
200506
217854
255966
252580
290724
183486
259725
263264
256410
211426
249624
273972
222016
284540
156195
284704
298678
333504
291900
184228
250344
246938
302673
177480
219303
236776
296055
303108
275315
244020
282447
254624
136071
76780
80293
90792
153692
118796
118830
178296
181844
195888
160954
178500
178551
175100
192665
259296
273390
217372
234969
238544
231594
157950
175550
193160
196728
253008
235505
319956
119578
182936
133722
176000
147882
186666
123305
264300
331350
172774
137553
229320
204682
271810
289542
243708
342701
212040
250985
173264
293571
155672
127404
130980
145181
173558
230295
290608
152435
156024
180897
227072
202293
273350
145591
213120
294899
248780
252405
224028
227648
195690
217099
245640
178050
213720
302855
249480
267375
306676
189051
249760
292658
310590
385668
271472
275121
293068
314600
275352
325507
211102
243372
257760
200536
286560
236478
275968
154155
240262
197285
226044
337366
251300
287280
459776
240731
312678
204915
169012
244596
230272
331108
342000
187252
255742
216180
299132
302820
317328
155101
209264
281502
346560
137218
256452
267362
267436
206055
285664
245956
264114
256949
307700
278817
336846
326070
376896
337125
290080
54405
72560
156047
105270
170657
105328
214347
130824
229005
203616
101836
105502
109170
152880
225742
149322
167578
207708
287955
339078
207879
160512
189748
335800
237315
175296
211874
226548
270470
233984
266961
256060
212222
278160
292880
307608
263736
307776
285870
117312
198018
84364
88056
154140
223931
121176
146920
132264
150675
165420
158111
161832
176592
209760
250308
290878
125222
232092
176880
206416
206472
313480
228718
335790
147640
269516
155106
173618
291905
336336
81334
133128
144261
340400
88824
251736
225883
300024
244530
289068
137159
170568
189159
311640
256059
230144
196789
200556
271195
274984
215586
382954
260330
104160
137677
208432
275502
175028
160175
163944
238528
201312
246114
134280
149240
205260
141854
164296
190485
164384
142006
179424
291642
127160
172086
209552
220837
235872
209720
239744
157374
209888
161207
165000
180048
210112
345276
401678
266605
266676
308074
281850
229299
282000
297119
349866
195676
304884
131775
177002
346564
199704
195988
241280
120672
267812
320705
75480
173650
181248
237951
260682
188950
177660
181488
98332
105924
174064
193035
200658
242368
132580
284175
189500
208505
223728
238959
307314
258060
201188
345527
110142
178553
155800
193851
114060
182544
163572
224495
167464
251262
129472
213304
213360
198172
255404
301227
221212
259420
354888
213752
255806
336072
339980
236902
168168
252318
240912
267750
191300
218139
267960
271859
210650
65127
176272
111157
145692
164905
249340
268590
115140
168916
184320
218937
230520
199836
246016
265305
288450
173115
242424
265581
354200
296527
354384
312093
142598
281415
250640
262276
277776
297143
301080
305019
312822
254958
274344
316930
193300
197217
286232
371424
387000
286454
302016
309840
166582
201500
220932
294652
255948
310320
298760
225098
108696
190267
233040
116550
341968
307073
225504
245007
287860
260697
202384
319226
179124
249280
233760
323451
428780
140364
175500
273070
319964
331755
363072
199155
257796
316467
324364
347901
422280
395011
101712
152607
277894
219240
180136
250688
250752
164598
313600
415626
329448
302071
361008
310075
416156
420189
314240
255385
404790
341997
389268
456228
338324
220360
165312
244094
299288
393900
248220
350749
295650
410072
433840
323490
189408
169721
189504
185603
205400
233109
252928
304381
94896
209615
237360
170151
174152
253376
170280
190128
237720
217965
293336
241865
245892
360997
134912
154791
150860
198550
246264
186731
262284
182850
349888
246574
171054
242719
294520
203031
242902
238980
207168
239100
175384
195363
346956
319120
343140
359190
379240
443223
235646
95880
183816
211841
211894
103974
144000
156039
136068
148111
180180
200250
112168
128224
172344
268603
324810
180495
200600
236767
204714
216810
281120
232986
253134
144684
233160
188987
313716
213219
148888
354200
265716
153026
173204
278001
237770
253953
294336
254079
169428
169470
173548
189739
335154
270613
210080
303075
177848
210236
258816
262925
186116
190209
194304
291528
255150
324080
380888
129696
137836
287905
377208
186622
227248
243540
113680
219294
276216
154394
247904
292680
211432
166747
288828
203450
223850
268686
183240
443957
236292
281175
167116
171234
191666
195792
204000
248941
142870
187818
208284
245100
253332
310612
224840
318942
323110
380463
237336
225115
302956
221130
249856
299081
319644
245940
295200
151737
340466
274901
332424
348925
320268
353202
332748
258867
263040
267215
283728
324927
209814
312740
193452
308775
251198
255378
300760
271986
313272
193781
197952
264000
214552
231112
255936
289030
309750
355266
541292
314108
219102
281180
310200
310275
326902
368371
380880
385113
385206
364584
430976
393775
410454
281996
335988
340218
356900
336231
394440
386229
311550
236835
357416
361659
378378
328561
328640
403617
341284
358018
449712
428995
474924
300024
316768
375210
408660
425442
258664
275418
317224
317300
342432
430231
296638
363573
355300
321937
317832
305359
322168
359910
364182
381017
297348
343498
243020
297561
276672
389949
373266
251700
209800
230835
268672
277134
298200
319276
394988
285804
273260
290145
357510
412286
324016
395646
446260
433733
282204
286484
404544
425715
303552
341577
244644
303768
194120
211050
173102
270272
135168
278850
122554
160626
228312
135328
135360
220012
236992
313242
245572
292215
275340
389804
478894
139887
326480
224773
267246
267309
258884
254700
301466
284549
301608
148715
165750
204048
199844
221156
242478
268065
327712
174537
344898
468490
289680
234355
298340
366618
332592
294285
375408
166413
200596
204912
226310
200737
264864
290564
205152
500175
175316
226681
333684
308088
342400
333918
419636
244131
329868
389935
437172
167193
313024
386010
291720
124439
184556
240408
257640
257700
214800
167583
227794
442797
313900
266662
314046
283998
309888
223860
473660
499612
120624
137888
142230
224172
211288
288971
297666
176915
258960
297873
319532
250502
267840
181482
185846
207504
203228
237875
281190
203369
255352
255411
307430
329156
220932
255647
273042
390150
312192
247209
307998
368815
308140
273483
295256
382184
291048
343255
395486
417312
308708
356618
417600
204497
265472
222003
243824
326625
283140
239635
274554
261540
292120
462266
331512
257417
357848
357930
384208
489104
327600
349520
319010
406503
362876
371705
297432
275625
280064
297636
341484
367836
385440
346099
368088
429534
293728
311335
355266
285155
289608
307230
329250
351280
377712
232829
290004
298860
316512
145101
153930
228748
237600
272862
198090
206941
312684
339185
237924
251199
379088
286585
308700
357291
410316
273606
291324
207505
295872
335692
269498
225369
265200
349259
260898
296341
345072
283200
314246
367441
487080
367607
354400
381066
407744
385671
447834
345930
350444
430389
341726
363998
395160
448541
430874
413199
466620
475615
333450
386889
440352
240246
218050
316021
222600
244915
427584
294030
338656
401130
401220
428064
405860
392568
486358
249928
254448
272365
352814
317157
344036
379865
214560
290615
299624
143136
340024
313250
241704
295482
268680
282177
349440
322632
188244
313810
318364
336375
399254
192941
318648
305252
296340
220059
327916
269580
395472
152830
463088
224850
251888
206954
328500
270060
463706
315210
373832
216240
220794
319997
247940
261522
266090
392457
333888
221137
270840
284445
307088
325224
356922
370558
361600
375243
239666
330179
235248
239825
257982
307836
244512
439313
434880
466693
262856
321843
344584
312915
294840
335738
340350
358581
408600
385985
313398
404327
440768
377235
400048
418324
422964
441253
491400
395937
459752
437088
437184
473720
323476
387345
364640
483254
501600
451539
182480
337662
264712
205425
337884
401896
232968
324399
402160
406819
246888
384132
279014
352275
425568
498893
338772
343425
403040
407709
444454
426219
334632
385140
371466
435765
440448
458900
532440
344325
367360
417963
431836
307865
289548
422924
666710
404712
423200
441696
427986
96663
244012
262485
280966
115175
138240
207405
267380
313548
272108
318297
198402
323050
327736
156978
161630
221712
244860
249534
295808
254265
277440
235875
277560
240604
268424
310143
199090
217657
222336
254815
319746
329085
310612
329227
259728
282979
334080
245973
167112
269294
297216
241540
315928
278820
209160
260344
334800
213946
232600
335016
283894
186200
223488
270106
223584
270222
312220
363558
228438
270454
335808
233250
307956
350025
382776
382858
280200
298944
345728
275707
387942
392700
425516
285297
135662
271382
210600
220007
290284
238833
257620
276415
318648
332777
187520
337608
356440
314297
426972
366054
431848
319260
399160
206668
324162
328930
319600
338472
362054
456191
409248
244660
263536
315369
338976
291958
395640
423990
414656
405318
329980
353625
570636
405662
250054
297297
302080
363517
155826
387286
240924
240975
207944
160718
179664
279011
227040
406866
425880
288713
359784
378800
402560
450015
379040
336469
175380
360316
455232
474300
493376
294190
336966
232603
451060
351426
142500
213795
280368
232897
228192
252015
337676
294934
356850
409274
309400
333270
385722
423907
362064
219190
319322
200214
300384
381520
524700
209924
381760
324564
233926
267400
272232
425153
219788
315414
243780
296422
291702
186537
205712
210540
229728
325516
330372
311285
273030
330579
397736
359475
412284
436345
426844
239850
259092
475101
379200
278458
283318
302589
413144
379595
288360
355718
360600
259686
298220
322337
384960
409105
375492
303345
346752
467249
279444
375882
294020
250692
347184
245973
270144
323275
255778
289620
429692
309056
304290
280198
372064
512298
304542
396470
459420
319242
474124
329052
290400
300142
334098
382597
557060
358530
363450
421689
489648
378222
349200
373527
426976
349416
422298
199055
271936
262278
442078
286681
306180
354853
316030
393903
218880
379470
399012
389360
467328
311616
355510
448132
448224
472681
453282
165750
370576
585240
170730
175644
448960
239169
224572
136724
170940
332180
195440
327429
288392
474233
479220
498882
327764
332724
352368
406285
298656
401554
328166
181263
220500
205842
303924
397143
407032
230535
328702
255164
373008
466355
387890
451812
358576
157216
216216
240835
255632
260601
304916
423034
206640
418285
428214
285534
349604
339825
399006
270985
226688
246450
384540
310653
320580
325578
286172
399735
350456
419645
291342
296340
434720
518805
340998
375668
360912
440105
435248
371025
430476
470155
623700
386178
391208
331851
237792
153605
366744
386646
371850
267786
292640
347270
431694
481411
551004
178740
253266
307954
283176
228574
263410
432477
467368
537084
373050
363175
293584
413091
418152
537732
373500
348670
383614
503283
398720
443665
259272
329142
269352
339252
384230
389298
404352
499300
254694
399600
279776
394763
164934
164967
275000
350070
285114
365219
395316
425425
500600
190266
215344
320576
420840
340748
230552
396027
396106
235705
451440
341156
185666
366387
210840
376575
276210
301380
562688
356775
361872
417241
236316
447581
482880
513162
523328
347277
448026
427975
498564
246813
372812
438393
388080
463772
534452
474042
282464
287565
398634
383572
403840
514998
535300
333366
399108
495194
404320
353850
449984
424788
480510
475546
409860
293538
404960
465796
470952
379875
450874
400293
445984
375106
517140
385396
578208
451497
182664
289275
573588
451853
462098
467268
401320
269293
249018
411723
462644
305100
294988
289959
218784
320607
330850
203640
239324
346324
412614
438170
468832
178395
316076
224356
244800
397878
494894
362313
520608
173570
280830
337062
367776
388284
439460
439546
276048
311893
414234
521730
475788
419594
235428
491424
291840
337986
471224
368856
399672
307500
343442
481938
374344
507771
497610
415611
487540
384975
420988
441610
210576
436645
164416
210699
215880
329024
236532
246864
288064
293265
236716
308820
283140
370728
370800
257550
288512
237038
293778
324765
278424
288792
335270
309540
381840
309660
402636
376899